N = 24;  beta = 100;  tau = 0.01;  cutoff = 1e-10;  maxm = 5000;  MMETTS = 50;  Malias = 10;  J1 = -1;  J2 = -0.8

0  -1.89486e-10  1.61044e-06  -0.00160398  -1.13451e-12  0.00209944  -1.96002e-07  1.67131e-05  -2.05675e-06  0.0002485  -2.31858e-08  -3.42844e-05  2.05653e-06  0.000206751  -3.81287e-06  2.02902e-11  0.0366938  2.89836e-07  -2.05535e-06  5.9618e-09  -2.17686e-06  0.000448197  -2.72751e-06  1.06582e-07  1.41625e-06  -5.44072e-05  2.2248e-06  -9.96752e-07  -2.57826e-08  0.0010663  1.26505e-06  0.000403449  0.000221319  -1.95351e-15  -2.44804e-06  2.01315e-09  3.56823e-06  2.46117e-07  2.61327e-05  2.15726e-06  2.05679e-06  4.90354e-05  1.2637e-06  -0.000680395  2.25903e-07  -2.08514e-08  9.68592e-12  -2.71094e-06  2.44482e-06  -0.00010245  8.63915e-08  
0.025  2.7179e-07  -0.0728936  -2.44656e-07  -2.46126e-07  -4.39118e-08  -2.30909e-07  7.27449e-07  1.18201e-07  -5.38887e-07  -3.37268e-07  6.69992e-07  2.26275e-07  -8.03191e-07  -1.78501e-06  2.4016e-07  -0.00299061  2.71488e-07  0.000688442  4.50903e-07  1.07092e-06  -3.11228e-08  2.32781e-06  -9.76438e-07  2.7179e-07  1.18367e-06  4.27878e-07  1.96102e-07  2.71486e-07  5.41771e-08  -1.46441e-06  2.47253e-07  2.71489e-07  1.69659e-07  1.39846e-05  -1.10624e-06  -9.83747e-05  -5.75455e-07  2.85336e-06  2.21897e-07  -2.2928e-06  -5.82571e-07  -2.16151e-06  3.75349e-07  0.00154518  8.596e-07  1.17938e-07  5.71449e-07  1.5086e-06  2.51271e-07  5.04664e-06  
0.05  3.37916e-07  -7.17726e-07  2.89739e-09  2.1999e-06  -8.75987e-07  2.0105e-06  5.6394e-07  1.43031e-06  -2.98847e-07  0.00157514  -2.80616e-07  5.43144e-07  -3.87782e-07  1.78231e-06  5.39218e-07  -2.40175e-07  -3.67598e-07  -1.5134e-06  7.87055e-07  -2.45023e-06  -4.05998e-07  1.80878e-06  3.91316e-07  -1.50478e-06  6.23515e-07  -1.11266e-06  4.45254e-07  2.19745e-06  4.49092e-07  5.68381e-07  3.88774e-07  5.4358e-07  5.0382e-07  8.35589e-07  4.1589e-07  -1.51326e-06  -2.34556e-07  -3.08898e-06  5.84599e-07  5.42978e-07  -3.8153e-07  -9.53336e-06  4.3396e-07  0.000178075  -8.71409e-07  1.99902e-06  -3.92438e-07  -1.51368e-06  4.45908e-07  3.17737e-06  
0.075  -1.0372e-06  1.23704e-06  6.29839e-07  -1.24134e-06  7.88317e-07  5.78992e-06  8.5881e-08  9.81543e-07  7.5548e-08  -2.63051e-07  7.61569e-07  0.0994596  5.9876e-07  -1.80713e-06  -8.75601e-08  2.87128e-06  1.66389e-07  -3.13512e-07  1.03338e-06  1.32217e-06  6.72884e-07  -1.242e-06  6.74053e-07  1.65208e-06  9.19817e-07  -3.06373e-07  5.9589e-07  8.14464e-07  8.61567e-07  -3.82418e-06  8.21717e-07  -2.20203e-06  5.94738e-07  -1.54347e-06  8.03193e-07  -1.62393e-06  6.97643e-07  0.112523  -7.13811e-08  0.0205928  6.118e-07  -0.000890186  5.58672e-07  -1.24212e-06  6.51231e-07  -9.10134e-07  6.50872e-07  -1.59952e-06  8.03862e-07  -1.8159e-06  
0.1  9.21272e-07  1.24011e-06  9.132e-07  0.106238  7.65321e-07  2.55289e-06  8.30899e-07  1.0872e-06  7.34356e-07  0.0447587  9.9922e-07  3.19401e-06  1.07281e-06  1.08596e-06  9.1008e-07  -9.70324e-07  2.32755e-07  0.0076549  3.54952e-07  3.40704e-06  8.85162e-07  0.107999  3.91765e-07  2.19939e-06  9.67809e-07  3.14174e-06  9.39467e-07  2.01914e-06  1.00763e-06  1.93801e-06  6.67933e-07  -5.6958e-07  8.40334e-07  0.107464  2.54662e-07  -9.70776e-07  1.09848e-07  2.88943e-06  5.18837e-08  3.14268e-06  1.03091e-06  1.08595e-06  9.18376e-07  1.56629e-06  9.34691e-07  -4.32639e-07  7.03809e-07  1.08717e-06  1.41143e-07  -3.28706e-06  
0.125  1.35204e-06  0.102134  4.89355e-07  2.05859e-06  1.21468e-06  -2.38615e-06  1.35464e-06  1.6842e-06  7.28402e-07  3.41424e-06  1.15809e-06  0.00129474  1.18905e-06  0.00016103  5.12676e-07  -6.99189e-07  -4.3178e-07  1.34206e-06  1.16697e-06  2.84439e-06  1.21638e-06  4.79221e-07  1.0491e-06  2.06043e-06  5.90937e-07  -9.551e-08  2.5225e-06  -1.08719e-07  7.13449e-07  1.35744e-06  5.89973e-07  -9.45171e-07  1.25151e-06  0.111818  1.20196e-06  -6.98381e-07  1.17507e-06  1.95969e-06  1.31306e-06  3.10482e-06  1.02417e-06  3.33798e-06  1.2295e-06  0.0905237  1.25995e-06  1.62568e-06  6.04933e-07  0.11348  3.67218e-07  -3.77481e-06  
0.15  1.42672e-06  5.02192e-07  1.44128e-06  0.110945  9.58226e-07  1.63075e-06  6.9527e-08  2.34415e-06  1.06658e-06  -3.66854e-06  1.45043e-06  2.17582e-06  1.56455e-06  5.97899e-06  1.49309e-06  3.68344e-07  1.50414e-06  3.51485e-06  1.30503e-06  -4.23202e-07  1.53604e-06  4.18952e-07  1.21251e-06  1.53652e-06  1.30999e-06  1.60998e-06  9.70047e-07  1.60495e-06  1.58533e-06  1.03194e-06  1.5312e-06  -4.17517e-07  4.89021e-07  4.58511e-06  1.62616e-06  1.44919e-06  4.74789e-07  1.62893e-06  1.49008e-06  1.79683e-06  1.39133e-06  3.57972e-06  1.43375e-06  3.28534e-06  1.44266e-06  0.0869589  1.53074e-06  1.75695e-06  1.46904e-06  1.78411e-06
0.175  1.78354e-06  1.90043e-06  1.87116e-06  1.44914e-06  1.34465e-06  1.90254e-06  1.72452e-06  1.87489e-06  1.90254e-06  -4.29445e-06  8.2276e-07  1.87673e-06  1.5979e-06  0.111659  1.872e-06  2.06858e-06  1.42246e-06  4.34763e-06  2.02548e-06  -1.54936e-07  1.74599e-06  2.23967e-06  1.50134e-06  2.3014e-06  1.27208e-06  0.112626  1.7609e-06  -1.33492e-07  1.79322e-06  0.11137  1.68638e-06  2.3853e-06  1.80018e-06  7.88133e-07  1.85171e-06  0.10019  1.27241e-06  2.05593e-06  2.02594e-06  5.59531e-07  1.40458e-06  5.45126e-07  1.84454e-06  2.81079e-06  1.86398e-06  5.53363e-07  1.79115e-06  2.07225e-06  1.5838e-06  2.01841e-06  
0.2  1.88112e-06  -2.14768e-07  2.05202e-06  0.00021233  2.14129e-06  3.47097e-07  2.58674e-06  0.105302  1.53244e-06  2.45163e-06  1.20714e-06  0.0834259  2.10647e-06  2.17192e-06  1.22857e-06  2.38071e-06  2.03361e-06  4.22878e-06  1.73098e-06  2.67008e-07  1.99159e-06  0.110674  2.46243e-06  2.36497e-06  5.79422e-06  1.29241e-07  2.02604e-06  2.17433e-06  1.4979e-06  3.94302e-06  2.18935e-06  5.07357e-06  2.01233e-06  -6.81103e-07  2.17434e-06  3.23893e-06  1.96812e-06  0.111972  2.42649e-06  3.61301e-06  2.17434e-06  3.46786e-07  2.14427e-06  2.37695e-06  1.74564e-06  2.36779e-06  3.59644e-06  3.83022e-06  1.98215e-06  4.09733e-06  
0.225  2.19096e-06  2.44341e-06  1.5601e-05  4.17637e-07  2.30532e-06  2.89684e-06  1.35205e-06  1.27145e-06  2.34016e-06  3.57184e-06  2.44873e-06  4.7635e-06  2.26377e-06  0.111066  0.000159671  3.94895e-07  2.43659e-06  2.42005e-06  1.95451e-06  8.79137e-07  1.71919e-06  0.112944  1.54828e-06  2.7287e-06  2.36205e-06  2.44341e-06  2.56473e-06  0.112443  2.35591e-06  5.6393e-06  5.63766e-06  0.0944813  2.28411e-06  2.61212e-06  9.09112e-07  2.44615e-06  2.31337e-06  2.4456e-06  1.44229e-06  9.42172e-07  2.3897e-06  4.47552e-06  2.30024e-06  3.45403e-06  8.30497e-06  3.57155e-06  1.9362e-06  2.66619e-06  1.06131e-06  2.44341e-06  
0.25  1.67106e-06  1.69474e-06  2.59201e-06  4.87997e-06  6.40783e-06  2.70453e-06  2.47644e-06  0.0911316  7.04508e-06  2.7168e-06  1.99628e-06  2.20313e-06  3.28643e-06  2.71491e-06  2.33471e-06  4.7716e-06  2.55532e-06  0.0982314  2.4391e-06  0.0947781  8.11365e-06  9.18904e-07  1.71936e-06  0.00418975  4.1498e-06  4.18136e-06  2.85791e-06  3.34117e-06  1.31768e-06  2.83765e-06  9.02738e-06  2.72792e-06  2.59974e-06  2.83059e-06  2.62852e-06  2.99984e-07  3.61384e-05  2.77574e-06  2.2128e-06  0.112233  2.18549e-06  3.02733e-06  2.6524e-06  2.55116e-06  1.95846e-06  3.16645e-06  2.99774e-06  0.112007  5.11126e-06  3.93973e-07  
0.275  2.92345e-06  3.95315e-06  3.02798e-06  3.48379e-06  4.43179e-05  9.67345e-07  0.000896407  3.76724e-06  2.74436e-06  3.50312e-05  4.7679e-05  1.81882e-05  2.6839e-06  0.000610106  1.1798e-05  2.83544e-06  2.5884e-06  0.000503664  3.38271e-06  2.97046e-06  2.96008e-06  0.113866  2.8882e-06  5.00394e-06  1.13163e-05  2.66708e-06  0.000112295  2.98641e-06  0.000137551  2.96372e-06  5.29752e-06  5.09954e-06  2.50795e-06  3.0114e-06  1.79882e-06  5.14128e-06  3.60676e-06  4.97656e-06  1.29729e-05  0.107496  2.76245e-06  0.0964739  2.47678e-05  0.0199164  2.93193e-06  2.98641e-06  2.02227e-05  2.81901e-06  0.0020363  0.0953306  
0.3  1.15388e-05  4.7058e-06  3.24163e-06  9.98611e-06  8.28103e-06  3.59798e-06  3.32074e-06  0.107219  1.14315e-05  0.0772282  6.44636e-06  6.95891e-07  2.70086e-05  3.10554e-06  3.18218e-06  3.61199e-06  0.00174712  0.113294  1.87961e-05  4.29478e-06  0.0236608  3.53094e-06  0.000346351  3.4485e-06  1.55573e-05  0.00101264  1.05117e-05  5.28772e-06  4.46922e-05  1.16659e-05  8.38414e-06  0.103346  0.00045006  0.00118101  0.000776393  0.000522764  3.2801e-06  0.108912  4.56951e-06  0.108344  0.00241806  5.63169e-06  0.000482398  3.3645e-06  5.80268e-05  0.113269  0.00264067  0.00240781  9.78227e-06  0.0949483  
0.325  3.78759e-06  2.28241e-05  5.33354e-05  5.17977e-06  0.000686842  0.081276  1.02168e-05  3.77282e-06  0.000694667  0.0110861  0.00499535  3.53166e-06  7.71222e-05  4.79897e-06  5.52541e-05  3.68638e-06  3.55918e-06  0.00248482  0.000280168  3.30935e-06  4.30746e-06  0.00575045  0.000173257  3.9383e-06  0.00221355  0.11168  1.97419e-05  3.33533e-05  0.000950593  5.91471e-05  0.000174878  4.17631e-05  3.66266e-06  1.88387e-06  0.000306267  5.54689e-06  8.55727e-06  0.106883  1.6901e-05  1.32863e-06  0.000251986  0.0918458  3.51116e-06  5.14033e-06  9.1418e-05  3.77434e-06  4.95632e-05  3.60596e-06  5.34273e-06  0.0886611  

